2031929956
2031412591
2031374159
2031195030
2030841472
2030774079
2030726032
2030674610
2030605573
2030566630
2031910345
2031723281
2031312909
2031292864
2030432871
2030402367
2030364745
2028917792
2028930618
2028905901
2031929956
2031412591
2031374159
2031195030
2030841472
2030774079
2030726032
2030674610
2030605573
2030566630
2031910345
2031895320
2031869528
2031864663
2031433976
2031414298
2031383924
2031345843
2031327535
2031299279
2031910345
2031884569
2031837881
2031840743
2031820827
2031811821
2031778636
2031776361
2031324442
2031312909
2031932494
2031869528
2031872839
2031860589
2031842274
2031662423
2031626690
2031596996
2031569386
2031342335
2031929956
2031895320
2031869528
2031486413
2031433976
2031394118
2031255972
2031203295
2031195030
2031175585
2031932494
2031895320
2031868566
2031871729
2031837881
2031840743
2031820827
2031550862
2031508194
2031480040
2031729032
2031715491
2031546134
2031172139
2031127260
2031114786
2031110724
2031057582
2031089847
2031052615
2031882412
2031866944
2031853461
2031718365
2031721334
2031327997
2031299278
2031290955
2031259025
2031252778
2031896836
2031900774
2031867314
2031657478
2031630340
2031587594
2031555281
2031516338
2031482929
2031422749
2031887107
2031881211
2031856107
2031846088
2031825381
2031745548
2031741872
2031714490
2031678464
2031668048
2031907397
2031900213
2031673664
2031008018
2031050428
2031001560
2030971607
2030917545
2030883383
2030830299
2031353880
2031324748
2031310790
2031273873
2030588822
2030558691
2030524773
2030481832
2030407917
2030376413
2031493737
2031432110
2031339200
2031341526
2031313745
2030914399
2030837756
2030790086
2030589198
2030570788
2031840062
2031812841
2031803605
2031702855
2031693057
2030632680
2030642313
2030631835
2030246733
2030224377
2031784575
2031781934
2031763827
2031770422
2031748520
2031752623
2031742334
2031725969
2031713861
2031677440
2031327318
2031313270
2029778425
2024662796
2024553433
2018000158
2017938370
2017771009
2017746487
2017709485
2031907397
2031263092
2030737886
2030705741
2030413269
2030313923
2030034765
2029998601
2029897311
2029691208
2031909357
2031885392
2031533771
2031313745
2031273873
2030769683
2030735294
2030719778
2029778425
2028565489
2031923267
2031614937
2031594212
2031568942
2031560619
2031532541
2031405603
2031368117
2030517072
2030496758
2031922237
2031906783
2031723490
2031586004
2030658817
2030650510
2030588528
2029879048
2029862090
2029830868
2031867298
2031688400
2031645328
2031624104
2031578590
2030915407
2030376806
2030370599
2030274293
2030038969
2031923267
2031906783
2031892613
2029239341
2029240492
2029198608
2029168114
2029147440
2028099159
2027438257
2031821047
2031815756
2031796704
2031794437
2031608040
2031589693
2031560619
2031497769
2031142244
2031125077
2031923267
2031909043
2031847053
2031645328
2031617672
2030914049
2030881141
2030831376
2030588528
2030558586
2031923267
2030635320
2030645012
2030737324
2030695943
2030615960
2028770108
2028742028
2028707067
2028695103
2031923267
2031909043
2031614937
2030731709
2030702764
2030661569
2030457421
2030459889
2030434453
2030409377
2031923267
2031861516
2031845715
2031825510
2031820478
2031789401
2031801591
2031772896
2031762573
2031749331
2031892613
2031867298
2031778813
2031782166
2031772896
2031762573
2031749331
2031750211
2031727970
2031697959
2031921385
2031906107
2031891950
2031868696
2031855517
2031847385
2031844083
2031823452
2031809182
2031591936
2031898929
2031902481
2031497782
2031429436
2031431466
2031309451
2031298486
2030571419
2030518477
2030493865
2031327318
2031302282
2031290839
2031265272
2030845122
2030794004
2030770427
2029928936
2028903412
2028874402
2031921385
2031888590
2031900213
2031753661
2031734745
2031728873
2031708189
2031703142
2031686509
2031666443
2031898929
2031360546
2031319712
2030553052
2030217418
2030212247
2030103780
2028206040
2028186240
2027202560
2031931310
2031906107
2031695155
2031234797
2030545763
2030428358
2030414328
2030394785
2029988405
2029829438
2031921385
2031900774
2031857733
2031839166
2031841382
2031821520
2031796957
2031804139
2031801075
2031768645
2031909357
2031720863
2031666798
2031637018
2031607690
2031333301
2031322658
2031285379
2030882241
2030719778
2031734745
2031728873
2031708189
2031703142
2031686509
2031666443
2031660828
2031632821
2031611139
2031573254
2031446805
2031412488
2031335117
2031309744
2031292824
2031249413
2031224060
2031193800
2029696867
2029618875
2031922168
2031902191
2031413762
2031367171
2031342989
2031313635
2031295017
2031269629
2031247261
2030523532
2031852084
2031639818
2031599159
2031483656
2031349658
2031201704
2031192866
2030794045
2030770427
2030556556
2031930608
2031859281
2031871334
2031812626
2031567748
2031516556
2030796215
2030736891
2030195735
2030144335
2031930608
2030422474
2030381449
2025942542
2024543760
2024333560
2024303180
1998249503
1998188892
1996399717
2031931310
2031896105
2031891349
2031593498
2031546521
2031494114
2031369350
2031361891
2031344584
2031203700
2031745897
2031733570
2031726032
2031721680
2031694730
2031675260
2030841715
2030029233
2029939825
2029865912
2031920746
2031868394
2031645984
2031629453
2031596997
2031590692
2031553090
2031271486
2031256365
2031239914
2030114557
2030120546
2030101125
2027471059
2026025781
2025942026
2025844207
2025755423
2025257997
2024361867
2031895389
2031878529
2031844235
2031370380
2030970864
2030941004
2030885051
2030842091
2030773366
2030726973
2031895389
2031878529
2031844235
2030432873
2030386954
2030356088
2030318837
2030289376
2030249391
2030225225
2031929956
2031895320
2031869528
2031860993
2031837306
2031822205
2031770422
2031738837
2031735358
2031733003
2031929956
2031412591
2031374159
2031195030
2030841472
2030774079
2030726032
2030674610
2030605573
2030566630
2031929956
2031734052
2031727563
2031723281
2031701846
2031686685
2031659720
2031643126
2031606657
2031563170
2031929956
2031884569
2031859175
2031871308
2031709468
2031722392
2031648643
2031609038
2031276191
2031254545
2031929956
2031902619
2031868566
2031863254
2031860124
2031715491
2031711873
2031692592
2031664010
2031643126
2031929956
2031661395
2031608622
2031585789
2031563172
2031511911
2031479891
2031356669
2031326837
2031297686
2031929956
2031895320
2031881211
2031506753
2031394118
2031367362
2031356669
2031327997
2031296767
2031259025
2031929956
2031874453
2031846088
2031841382
2031818380
2031628440
2031569386
2031417119
2031383184
2031335951
2031929956
2031895320
2031869528
2031486413
2031433976
2031394118
2031255972
2031203295
2031195030
2031175585
2031922628
2031675220
2031661986
2031563170
2031412591
2031371530
2031351580
2031305296
2031279081
2031271409
2031887107
2031881211
2031745548
2031733003
2031719089
2031704704
2031678464
2031576828
2031563170
2031533771
2031929956
2031412591
2031374159
2031195030
2030841472
2030774079
2030726032
2030674610
2030605573
2030566630
2031412591
2031362027
2031332609
2031271409
2030537935
2030520983
2030387199
2030142108
2029669282
2029539386
2031747758
2031744443
2031708311
2031680089
2031607690
2031528111
2031479891
2031412591
2030966964
2030940106
2031811821
2031789150
2031779459
2031783410
2031774441
2031771009
2031748520
2031708741
2031703737
2031678011
2030994661
2031546474
2031516202
2031486413
2031433976
2031412591
2031371530
2031344715
2031324442
2031297996
2031934390
2031887107
2031881211
2031856107
2031860589
2031745548
2031733003
2031708741
2031703737
2031678011
2031771515
2031745548
2031733003
2031708741
2031703737
2031678011
2031672838
2031638715
2031615201
2031576828
2031837306
2031840062
2031671901
2031643126
2031606657
2031578866
2031579857
2031516202
2031486413
2031374159
2031929956
2031412591
2031374159
2031195030
2030841472
2030774079
2030726032
2030674610
2030605573
2030566630
2031932494
2031430686
2031410624
2031374159
2031358813
2031321526
2030453418
2030418180
2030384160
2030370709
2031932494
2031522322
2031410624
2031374159
2031358813
2031342335
2031321526
2031278972
2031268047
2031255972
2031888504
2031869528
2031872839
2031860993
2031719089
2031697209
2031693112
2031662423
2031605608
2031574886
2031729032
2031715491
2031546134
2031516202
2031491381
2031408806
2031374159
2031358813
2031204249
2031195963
2031745431
2031660624
2031626690
2031436974
2031374159
2030413941
2030384160
2030370709
2029318441
2029304263
2031737202
2031733483
2031719089
2031704704
2031410624
2031374159
2030883246
2030843655
2030492042
2030447837
2030856654
2031719089
2031697209
2031507189
2031437341
2031410624
2031374159
2031342335
2031304482
2031288752
2031811821
2031789150
2031779459
2031783410
2031774441
2031771515
2031769922
2031738837
2031734052
2031727563
2031929956
2031412591
2031374159
2031195030
2030841472
2030774079
2030726032
2030674610
2030605573
2030566630
2031932494
2031869528
2031872839
2031860589
2031842274
2031662423
2031626690
2031596996
2031569386
2031342335
2031914253
2031888504
2031842274
2031605608
2031354657
2031309378
2031288752
2031270362
2031252778
2031207292
2031354657
2031195030
2031175585
2029062687
2029036775
2029016598
2028667574
2028646380
2026562046
2026543028
2031195030
2028134939
2027830877
2027789583
2027702368
2027667863
2027550719
2027410438
2027382843
2027273387
2031100569
2031195030
2029188233
2028642733
2026483575
2026462857
2026460033
2026412944
2026411098
2025602845
2031929956
2031895320
2031869528
2031486413
2031433976
2031394118
2031255972
2031203295
2031195030
2031175585
2031896836
2031900774
2031866944
2031860589
2031827056
2031840062
2031653948
2031615201
2031576828
2031546474
2031887107
2031881211
2031745548
2031733003
2031719089
2031704704
2031678464
2031576828
2031563170
2031533771
2031811821
2031789150
2031779459
2031783410
2031774441
2031771515
2031769922
2031738837
2031734052
2031727563
2031704704
2031050322
2031001335
2030963367
2030889730
2030841472
2030737829
2030617619
2030492042
2030447837
2031929956
2031412591
2031374159
2031195030
2030841472
2030774079
2030726032
2030674610
2030605573
2030566630
2030907532
2030903634
2030848604
2030841472
2029966492
2029944877
2029911644
2029865806
2029839904
2029372544
2031689776
2031637255
2030848604
2030841472
2030737829
2030706441
2030676682
2030604176
2030561877
2029264271
2031863254
2031689776
2031660624
2031626690
2031596996
2031546134
2031480040
2031205763
2031057582
2031089847
2031647151
2031278972
2031270362
2031255972
2030968145
2030841472
2030737829
2030490686
2030387370
2030298506
2031733483
2031708186
2031606657
2031578866
2031546474
2031057582
2031089847
2031052615
2031050322
2031001335
2031929956
2031412591
2031374159
2031195030
2030841472
2030774079
2030726032
2030674610
2030605573
2030566630
2031872839
2031860589
2031827056
2031700151
2031667685
2031637255
2031195963
2031186698
2030963367
2030889730
2031840062
2031737202
2031729032
2031708186
2031700151
2031268047
2031255972
2031000245
2030919706
2030839563
2031914253
2031888504
2031760595
2031745548
2031741872
2031714490
2031678464
2031659720
2031651762
2031621010
2031204249
2030888951
2030839563
2030774079
2030726032
2030271279
2030249874
2030204718
2030145401
2030140638
2031859175
2031697209
2031693112
2031667685
2031637255
2031605608
2031342439
2031199660
2030889730
2030883246
2031863254
2031771515
2031769922
2031738837
2031735358
2031715491
2031711873
2031692592
2031204249
2031042749
2031711873
2031692592
2031664010
2031650657
2031599220
2031579857
2031550862
2031436974
2031415923
2030839563
2031203295
2031175585
2030843655
2030774079
2029876843
2029832487
2029089642
2028625709
2028423777
2028282284
2031929956
2031412591
2031374159
2031195030
2030841472
2030774079
2030726032
2030674610
2030605573
2030566630
2031932494
2031869528
2031872839
2031860589
2031842274
2031662423
2031626690
2031596996
2031569386
2031342335
2031840062
2031737202
2031729032
2031708186
2031700151
2031268047
2031255972
2031000245
2030919706
2030839563
2031914253
2031888504
2031760595
2031745548
2031741872
2031714490
2031678464
2031659720
2031651762
2031621010
2031204249
2030888951
2030839563
2030774079
2030726032
2030271279
2030249874
2030204718
2030145401
2030140638
2031888504
2031049846
2030949672
2030907532
2030901711
2030796080
2030726032
2030674610
2030605573
2030551638
2031737891
2031750154
2031718790
2031576828
2031563170
2031533771
2031491381
2031255578
2031237958
2031231773
